Niveles de colesterol
145
145
146
158
158
163
168
168
168
168
172
174
175
175
175
175
175
175
178
180
180
180
181
181
187
187
192
194
194
195
196
196
198
198
198
198
201
201
201
204
204
204
205
205
205
205
205
206
206
206
207
208
209
211
211
211
212
212
212
214
214
214
216
217
217
217
217
218
218
218
218
221
221
221
221
223
224
225
225
227
228
227
227
228
230
235
235
235
236
237
238
238
239
241
242
242
243
243
245
245
245
247
248
252
253
253
253
254
254
254
256
256
257
257
261
262
266
267
267
268
268
268
268
273
274
278
283
284
285
289
292
294
296
300
345